1 169
170 194
195 219
220 283
284 347
348 428
429 464
465 513
514 577
578 602
603 611
612 660
661 724
725 805
806 854
855 975
976 1056
1057 1137
1138 1201
1202 1250
1251 1350
1351 1711
1712 1775
1776 1824
1825 1888
1889 1924
1925 1949
1950 2013
2014 2029
2030 2054
2055 2118
2119 2143
2144 2467
2468 2588
2589 2613
2614 2734
2735 2798
2799 2919
2920 2968
2969 3049
3050 3074
3075 3155
3156 3276
3277 3357
3358 3501
3502 3550
3551 3631
3632 3647
3648 3696
3697 3745
3746 3770
3771 3806
3807 3870
3871 3991
3992 4007
4008 4107
4108 4111
4112 4160
4161 4329
4330 4585
4586 4666
4667 4667
4668 4863
4864 4984
4985 5105
5106 5121
5122 5346
5347 5362
5363 5378
5379 5442
5443 5506
5507 5906
5907 5955
5956 6036
6037 6085
6086 6094
6095 6143
6144 6339
6340 6355
6356 6436
6437 6580
6581 6661
6662 6725
6726 6806
6807 6822
6823 6826
6827 6851
6852 6900
6901 6949
6950 6974
6975 7298
7299 7494
7495 7503
7504 7672
7673 7688
7689 7704
7705 7785
7786 7801
7802 7850
7851 8250
8251 8266
8267 8315
8316 8364
8365 8373
8374 8542
8543 8642
8643 8678
8679 8742
8743 8767
8768 8936
8937 9057
9058 9073
9074 9137
9138 9393
9394 9457
9458 9557
9558 9582
9583 9631
9632 9712
9713 10036
10037 10117
10118 10313
10314 10322
10323 10403
10404 10467
10468 10503
10504 10699
10700 10703
10704 10872
10873 10888
10889 10913
10914 10938
10939 10987
10988 11087
11088 11151
11152 11347
11348 11603
11604 11652
11653 11701
11702 11737
11738 11746
11747 12107
12108 12123
12124 12148
12149 12212
12213 12276
12277 12340
12341 12421
12422 12446
12447 12471
12472 12571
12572 12607
12608 12623
12624 12687
12688 12768
12769 12804
12805 13029
13030 13093
13094 13237
13238 13301
13302 13337
13338 13401
13402 13725
13726 13789
13790 13825
13826 13850
13851 13914
13915 13939
13940 13988
13989 14349
14350 14413
14414 14494
14495 14558
14559 14607
14608 14623
14624 14723
14724 14727
14728 14791
14792 14855
14856 14919
14920 15019
15020 15100
15101 15125
15126 15609
15610 16093
16094 16118
16119 16182
16183 16231
16232 16267
16268 16348
16349 16672
16673 17033
17034 17322
17323 17358
17359 17394
17395 17395
17396 17420
17421 17645
17646 17841
17842 17941
17942 17977
17978 18026
18027 18035
18036 18179
18180 18228
18229 18397
18398 18446
18447 18546
18547 18562
18563 18643
18644 18692
18693 18773
18774 18854
18855 18890
18891 19011
19012 19111
19112 19136
19137 19161
19162 19210
19211 19246
19247 19346
19347 19382
19383 19671
19672 19707
19708 19771
19772 19871
19872 20232
20233 20401
20402 20450
20451 20486
20487 20550
20551 20599
20600 20855
20856 20919
20920 20955
20956 20964
20965 21000
21001 21225
21226 21306
21307 21502
21503 21511
21512 21575
21576 21624
21625 21673
21674 21754
21755 21818
21819 22142
22143 22466
22467 22566
22567 22591
22592 22655
22656 22719
22720 22768
22769 22832
22833 22896
22897 22960
22961 23104
23105 23140
23141 23464
23465 23500
23501 23504
23505 23540
23541 23589
23590 23689
23690 23810
23811 23819
23820 23919
23920 24063
24064 24099
24100 24220
24221 24301
24302 24365
24366 24401
24402 24482
24483 24507
24508 24831
24832 25056
25057 25105
25106 25121
25122 25290
25291 25371
25372 25380
25381 25480
25481 25505
25506 25521
25522 25602
25603 25603
25604 25667
25668 25716
25717 25752
25753 25788
25789 25813
25814 25862
25863 25962
25963 26286
26287 26335
26336 26384
26385 26528
26529 26592
26593 26692
26693 26792
26793 26817
26818 26833
26834 26882
26883 27026
27027 27090
27091 27154
27155 27235
27236 27316
27317 27380
27381 27416
27417 27740
27741 27776
27777 27801
27802 27837
27838 27981
27982 27997
27998 28046
28047 28146
28147 28155
28156 28299
28300 28315
28316 28379
28380 28460
28461 28485
28486 28566
28567 28687
28688 28751
28752 28920
28921 28945
28946 28949
28950 29049
29050 29074
29075 29138
29139 29219
29220 29283
29284 29364
29365 29428
29429 29437
29438 29462
29463 29562
29563 29611
29612 29732
29733 29781
29782 30142
30143 30178
30179 30347
30348 30396
30397 30445
30446 30509
30510 30558
30559 30583
30584 30632
30633 30636
30637 30640
30641 30704
30705 30960
30961 31060
31061 31109
31110 31190
31191 31271
31272 31392
31393 31536
31537 31540
31541 31556
31557 31752
31753 31816
31817 31841
31842 31941
31942 31990
31991 32026
32027 32051
32052 32247
32248 32328
32329 32377
32378 32477
32478 32646
32647 32662
32663 32711
32712 32747
32748 32847
32848 32896
32897 32960
32961 33185
33186 33285
33286 33310
33311 33454
33455 33650
33651 33846
33847 33990
33991 34111
34112 34232
34233 34268
34269 34293
34294 34617
34618 34681
34682 34730
34731 35171
35172 35235
35236 35299
35300 35380
35381 35461
35462 35582
35583 35726
35727 35807
35808 36063
36064 36387
36388 36871
36872 36880
36881 37241
37242 37277
37278 37341
37342 37377
37378 37701
37702 38230
38231 38239
38240 38383
38384 38447
38448 38547
38548 38628
38629 38709
38710 38745
38746 39274
39275 39310
39311 39346
39347 39395
39396 39431
39432 39512
39513 39593
39594 39602
39603 39746
39747 40070
40071 40170
40171 40195
40196 40295
40296 40491
40492 40591
40592 40672
40673 40688
40689 40713
40714 40794
40795 40938
40939 40954
40955 41210
41211 41435
41436 41444
41445 41480
41481 41496
41497 41545
41546 41689
41690 41770
41771 41819
41820 41919
41920 41928
41929 41964
41965 41989
41990 42133
42134 42169
42170 42569
42570 43145
43146 43161
43162 43170
43171 43270
43271 43306
43307 43387
43388 43436
43437 43452
43453 43573
43574 43637
43638 43781
43782 43845
43846 43870
43871 43895
43896 43911
43912 43927
43928 43952
43953 44052
44053 44077
44078 44141
44142 44430
44431 44494
44495 44558
44559 44727
44728 44808
44809 44889
44890 44970
44971 45370
45371 45386
45387 45402
45403 45691
45692 45755
45756 45804
45805 46000
46001 46025
46026 46089
46090 46618
46619 46814
46815 46958
46959 47007
47008 47056
47057 47252
47253 47301
47302 47382
47383 47482
47483 47531
47532 47595
47596 47620
47621 47669
47670 47958
47959 48102
48103 48138
48139 48238
48239 48338
48339 48627
48628 48771
48772 48940
48941 49229
49230 49373
49374 49454
49455 49503
49504 49552
49553 49601
49602 49665
49666 49701
49702 49765
49766 50294
50295 50298
50299 50659
50660 50780
50781 50796
50797 50812
50813 50893
50894 50993
50994 51074
51075 51083
51084 51147
51148 51228
51229 51397
51398 51461
51462 51497
51498 51533
51534 51729
51730 51810
51811 51874
51875 52235
52236 52316
52317 52352
52353 52388
52389 52404
52405 52429
52430 52465
52466 52501
52502 52526
52527 52590
52591 52654
52655 52679
52680 52695
52696 52816
52817 52852
52853 52952
52953 52988
52989 53052
53053 53152
53153 53233
53234 53282
53283 53318
53319 53382
53383 53503
53504 53519
53520 53568
53569 53689
53690 53770
53771 53806
53807 53842
53843 53906
53907 54131
54132 54492
54493 54573
54574 54654
54655 54703
54704 54752
54753 54873
54874 55129
55130 55193
55194 55293
55294 55462
55463 55511
55512 55547
55548 55647
55648 55728
55729 55809
55810 55834
55835 55898
55899 55947
55948 55972
55973 56093
56094 56193
56194 56257
56258 56513
56514 56549
56550 56613
56614 56649
56650 56749
56750 56798
56799 56879
56880 56979
56980 57204
57205 57208
57209 57272
57273 57561
57562 57577
57578 57626
57627 57726
57727 57790
57791 58079
58080 58143
58144 58264
58265 58300
58301 58381
58382 58397
58398 58461
58462 58486
58487 58511
58512 58632
58633 58657
58658 58721
58722 58737
58738 58818
58819 58843
58844 58892
58893 58908
58909 59008
59009 59129
59130 59273
59274 59354
59355 59418
59419 59779
59780 59900
59901 59925
59926 60006
60007 60070
60071 60106
